0.0 0.1767398783233548 0.10153061224489791 17.320508075688775 9.899999999999999
0.010204081632653059 0.3534797566467096 0.20204081632653054 17.320508075688775 9.799999999999999
0.020408163265306117 0.5302196349700644 0.30153061224489786 17.320508075688775 9.7
0.030612244897959176 0.7069595132934192 0.39999999999999986 17.320508075688775 9.6
0.040816326530612235 0.883699391616774 0.49744897959183654 17.320508075688775 9.5
0.05102040816326529 1.0604392699401288 0.593877551020408 17.320508075688775 9.4
0.06122448979591835 1.2371791482634835 0.6892857142857142 17.320508075688775 9.3
0.07142857142857141 1.4139190265868384 0.7836734693877551 17.320508075688775 9.200000000000001
0.08163265306122447 1.5906589049101933 0.8770408163265306 17.320508075688775 9.100000000000001
0.09183673469387753 1.7673987832335483 0.9693877551020409 17.320508075688775 9.000000000000002
0.10204081632653059 1.9441386615569032 1.0607142857142857 17.320508075688775 8.900000000000002
0.11224489795918365 2.120878539880258 1.1510204081632653 17.320508075688775 8.800000000000002
0.1224489795918367 2.297618418203613 1.2403061224489795 17.320508075688775 8.700000000000003
0.13265306122448978 2.474358296526968 1.3285714285714285 17.320508075688775 8.600000000000003
0.14285714285714282 2.651098174850323 1.415816326530612 17.320508075688775 8.500000000000004
0.15306122448979587 2.8278380531736778 1.5020408163265304 17.320508075688775 8.400000000000004
0.16326530612244894 3.0045779314970327 1.5872448979591833 17.320508075688775 8.300000000000004
0.173469387755102 3.1813178098203876 1.671428571428571 17.320508075688775 8.200000000000005
0.18367346938775506 3.3580576881437425 1.7545918367346935 17.320508075688775 8.100000000000005
0.1938775510204081 3.5347975664670974 1.8367346938775506 17.320508075688775 8.000000000000005
0.20408163265306117 3.7115374447904523 1.9178571428571425 17.320508075688775 7.900000000000006
0.21428571428571425 3.8882773231138072 1.997959183673469 17.320508075688775 7.800000000000006
0.2244897959183673 4.065017201437162 2.07704081632653 17.320508075688775 7.700000000000006
0.23469387755102034 4.241757079760517 2.155102040816326 17.320508075688775 7.600000000000007
0.2448979591836734 4.418496958083872 2.2321428571428568 17.320508075688775 7.500000000000007
0.2551020408163265 4.595236836407227 2.308163265306122 17.320508075688775 7.4000000000000075
0.26530612244897955 4.771976714730582 2.383163265306122 17.320508075688775 7.300000000000008
0.27551020408163257 4.948716593053937 2.457142857142857 17.320508075688775 7.200000000000008
0.28571428571428564 5.125456471377292 2.530102040816326 17.320508075688775 7.1000000000000085
0.2959183673469387 5.302196349700647 2.60204081632653 17.320508075688775 7.000000000000009
0.30612244897959173 5.4789362280240015 2.672959183673469 17.320508075688775 6.900000000000009
0.3163265306122448 5.655676106347356 2.7428571428571424 17.320508075688775 6.80000000000001
0.3265306122448979 5.832415984670711 2.8117346938775505 17.320508075688775 6.70000000000001
0.33673469387755095 6.009155862994066 2.8795918367346935 17.320508075688775 6.60000000000001
0.346938775510204 6.185895741317421 2.946428571428571 17.320508075688775 6.500000000000011
0.35714285714285704 6.362635619640776 3.0122448979591834 17.320508075688775 6.400000000000011
0.3673469387755101 6.539375497964131 3.07704081632653 17.320508075688775 6.300000000000011
0.3775510204081632 6.716115376287486 3.140816326530612 17.320508075688775 6.200000000000012
0.3877551020408162 6.892855254610841 3.2035714285714283 17.320508075688775 6.100000000000012
0.3979591836734693 7.069595132934196 3.265306122448979 17.320508075688775 6.000000000000012
0.40816326530612235 7.246335011257551 3.326020408163265 17.320508075688775 5.900000000000013
0.4183673469387754 7.4230748895809056 3.3857142857142857 17.320508075688775 5.800000000000013
0.4285714285714285 7.5998147679042605 3.4443877551020408 17.320508075688775 5.7000000000000135
0.4387755102040815 7.776554646227615 3.5020408163265304 17.320508075688775 5.600000000000014
0.4489795918367346 7.95329452455097 3.558673469387755 17.320508075688775 5.500000000000014
0.45918367346938765 8.130034402874324 3.6142857142857143 17.320508075688775 5.400000000000015
0.46938775510204067 8.30677428119768 3.668877551020408 17.320508075688775 5.300000000000015
0.47959183673469374 8.483514159521034 3.722448979591837 17.320508075688775 5.200000000000015
0.4897959183673468 8.660254037844389 3.7750000000000004 17.320508075688775 5.100000000000016
0.4999999999999999 8.836993916167744 3.8265306122448983 17.320508075688775 5.000000000000016
0.510204081632653 9.013733794491099 3.877040816326531 17.320508075688775 4.900000000000016
0.520408163265306 9.190473672814454 3.9265306122448984 17.320508075688775 4.800000000000017
0.5306122448979591 9.367213551137809 3.9750000000000005 17.320508075688775 4.700000000000017
0.5408163265306121 9.543953429461164 4.022448979591838 17.320508075688775 4.600000000000017
0.5510204081632651 9.720693307784519 4.068877551020409 17.320508075688775 4.500000000000018
0.5612244897959182 9.897433186107873 4.114285714285716 17.320508075688775 4.400000000000018
0.5714285714285713 10.074173064431228 4.1586734693877565 17.320508075688775 4.3000000000000185
0.5816326530612244 10.250912942754583 4.202040816326532 17.320508075688775 4.200000000000019
0.5918367346938774 10.427652821077938 4.244387755102042 17.320508075688775 4.100000000000019
0.6020408163265305 10.604392699401293 4.285714285714287 17.320508075688775 4.0000000000000195
0.6122448979591835 10.781132577724648 4.326020408163267 17.320508075688775 3.9000000000000195
0.6224489795918365 10.957872456048003 4.365306122448982 17.320508075688775 3.8000000000000194
0.6326530612244896 11.134612334371358 4.403571428571431 17.320508075688775 3.7000000000000193
0.6428571428571427 11.311352212694713 4.440816326530615 17.320508075688775 3.600000000000019
0.6530612244897958 11.488092091018068 4.477040816326533 17.320508075688775 3.500000000000019
0.6632653061224488 11.664831969341423 4.512244897959186 17.320508075688775 3.400000000000019
0.6734693877551019 11.841571847664778 4.5464285714285735 17.320508075688775 3.300000000000019
0.683673469387755 12.018311725988132 4.579591836734696 17.320508075688775 3.200000000000019
0.693877551020408 12.195051604311487 4.611734693877554 17.320508075688775 3.1000000000000187
0.704081632653061 12.371791482634842 4.642857142857146 17.320508075688775 3.0000000000000187
0.7142857142857141 12.548531360958197 4.6729591836734725 17.320508075688775 2.9000000000000186
0.7244897959183672 12.725271239281552 4.702040816326534 17.320508075688775 2.8000000000000185
0.7346938775510202 12.902011117604907 4.7301020408163295 17.320508075688775 2.7000000000000184
0.7448979591836733 13.078750995928262 4.75714285714286 17.320508075688775 2.6000000000000183
0.7551020408163264 13.255490874251617 4.783163265306126 17.320508075688775 2.500000000000018
0.7653061224489794 13.432230752574972 4.808163265306126 17.320508075688775 2.400000000000018
0.7755102040816324 13.608970630898327 4.832142857142861 17.320508075688775 2.300000000000018
0.7857142857142855 13.785710509221682 4.85510204081633 17.320508075688775 2.200000000000018
0.7959183673469385 13.962450387545037 4.877040816326534 17.320508075688775 2.100000000000018
0.8061224489795916 14.139190265868391 4.897959183673473 17.320508075688775 2.0000000000000178
0.8163265306122447 14.315930144191746 4.917857142857146 17.320508075688775 1.9000000000000177
0.8265306122448978 14.492670022515101 4.936734693877555 17.320508075688775 1.8000000000000176
0.8367346938775508 14.669409900838456 4.954591836734698 17.320508075688775 1.7000000000000175
0.8469387755102039 14.846149779161811 4.971428571428576 17.320508075688775 1.6000000000000174
0.857142857142857 15.022889657485166 4.987244897959188 17.320508075688775 1.5000000000000173
0.86734693877551 15.199629535808521 5.002040816326535 17.320508075688775 1.4000000000000172
0.877551020408163 15.376369414131876 5.015816326530617 17.320508075688775 1.3000000000000171
0.8877551020408161 15.55310929245523 5.028571428571433 17.320508075688775 1.200000000000017
0.8979591836734692 15.729849170778586 5.0403061224489845 17.320508075688775 1.100000000000017
0.9081632653061222 15.90658904910194 5.051020408163271 17.320508075688775 1.0000000000000169
0.9183673469387753 16.083328927425296 5.060714285714291 17.320508075688775 0.9000000000000169
0.9285714285714284 16.26006880574865 5.0693877551020465 17.320508075688775 0.8000000000000169
0.9387755102040813 16.436808684072002 5.077040816326536 17.320508075688775 0.7000000000000169
0.9489795918367344 16.613548562395355 5.083673469387761 17.320508075688775 0.600000000000017
0.9591836734693875 16.790288440718708 5.08928571428572 17.320508075688775 0.500000000000017
0.9693877551020406 16.96702831904206 5.093877551020413 17.320508075688775 0.400000000000017
0.9795918367346936 17.143768197365414 5.097448979591842 17.320508075688775 0.30000000000001703
0.9897959183673467 17.320508075688767 5.100000000000006 17.320508075688775 0.20000000000001705
0.9999999999999998 17.49724795401212 5.101530612244904 17.320508075688775 0.10000000000001708
1.0102040816326527 17.673987832335474 5.102040816326537 17.320508075688775 1.709743457922741e-14
1.020408163265306 17.850727710658827 5.101530612244904 17.320508075688775 -0.09999999999998288
1.0306122448979589 18.02746758898218 5.100000000000006 17.320508075688775 -0.19999999999998286
1.040816326530612 18.204207467305533 5.097448979591842 17.320508075688775 -0.29999999999998284
1.051020408163265 18.380947345628886 5.093877551020414 17.320508075688775 -0.3999999999999828
1.0612244897959182 18.55768722395224 5.089285714285721 17.320508075688775 -0.4999999999999828
1.0714285714285712 18.734427102275593 5.083673469387762 17.320508075688775 -0.5999999999999828
1.0816326530612241 18.911166980598946 5.077040816326537 17.320508075688775 -0.6999999999999827
1.0918367346938773 19.0879068589223 5.069387755102047 17.320508075688775 -0.7999999999999827
1.1020408163265303 19.264646737245652 5.060714285714292 17.320508075688775 -0.8999999999999827
1.1122448979591835 19.441386615569005 5.0510204081632715 17.320508075688775 -0.9999999999999827
1.1224489795918364 19.61812649389236 5.040306122448986 17.320508075688775 -1.0999999999999828
1.1326530612244896 19.79486637221571 5.028571428571436 17.320508075688775 -1.1999999999999829
1.1428571428571426 19.971606250539065 5.0158163265306195 17.320508075688775 -1.299999999999983
1.1530612244897955 20.148346128862418 5.002040816326538 17.320508075688775 -1.399999999999983
1.1632653061224487 20.32508600718577 4.987244897959191 17.320508075688775 -1.4999999999999831
1.1734693877551017 20.501825885509124 4.971428571428579 17.320508075688775 -1.5999999999999832
1.1836734693877549 20.678565763832477 4.954591836734701 17.320508075688775 -1.6999999999999833
1.1938775510204078 20.85530564215583 4.9367346938775585 17.320508075688775 -1.7999999999999834
1.204081632653061 21.032045520479183 4.917857142857151 17.320508075688775 -1.8999999999999835
1.214285714285714 21.208785398802537 4.8979591836734775 17.320508075688775 -1.9999999999999836
1.224489795918367 21.38552527712589 4.877040816326539 17.320508075688775 -2.0999999999999837
1.2346938775510201 21.562265155449243 4.855102040816335 17.320508075688775 -2.1999999999999837
1.244897959183673 21.739005033772596 4.832142857142865 17.320508075688775 -2.299999999999984
1.2551020408163263 21.91574491209595 4.80816326530613 17.320508075688775 -2.399999999999984
1.2653061224489792 22.092484790419302 4.783163265306131 17.320508075688775 -2.499999999999984
1.2755102040816324 22.269224668742655 4.757142857142866 17.320508075688775 -2.599999999999984
1.2857142857142854 22.44596454706601 4.730102040816336 17.320508075688775 -2.699999999999984
1.2959183673469385 22.62270442538936 4.70204081632654 17.320508075688775 -2.7999999999999843
1.3061224489795915 22.799444303712715 4.672959183673479 17.320508075688775 -2.8999999999999844
1.3163265306122445 22.976184182036068 4.642857142857152 17.320508075688775 -2.9999999999999845
1.3265306122448977 23.15292406035942 4.61173469387756 17.320508075688775 -3.0999999999999845
1.3367346938775506 23.329663938682774 4.579591836734703 17.320508075688775 -3.1999999999999846
1.3469387755102038 23.506403817006127 4.546428571428581 17.320508075688775 -3.2999999999999847
1.3571428571428568 23.68314369532948 4.512244897959193 17.320508075688775 -3.399999999999985
1.36734693877551 23.859883573652834 4.47704081632654 17.320508075688775 -3.499999999999985
1.377551020408163 24.036623451976187 4.440816326530622 17.320508075688775 -3.599999999999985
1.387755102040816 24.21336333029954 4.403571428571438 17.320508075688775 -3.699999999999985
1.397959183673469 24.390103208622893 4.365306122448989 17.320508075688775 -3.799999999999985
1.408163265306122 24.566843086946246 4.3260204081632745 17.320508075688775 -3.8999999999999853
1.4183673469387752 24.7435829652696 4.285714285714295 17.320508075688775 -3.9999999999999853
1.4285714285714282 24.920322843592952 4.244387755102051 17.320508075688775 -4.099999999999985
1.4387755102040813 25.097062721916306 4.202040816326541 17.320508075688775 -4.199999999999985
1.4489795918367343 25.27380260023966 4.158673469387765 17.320508075688775 -4.299999999999985
1.4591836734693875 25.450542478563012 4.1142857142857245 17.320508075688775 -4.399999999999984
1.4693877551020404 25.627282356886365 4.068877551020418 17.320508075688775 -4.499999999999984
1.4795918367346934 25.804022235209718 4.0224489795918466 17.320508075688775 -4.599999999999984
1.4897959183673466 25.98076211353307 3.97500000000001 17.320508075688775 -4.699999999999983
1.4999999999999996 26.157501991856424 3.9265306122449077 17.320508075688775 -4.799999999999983
1.5102040816326527 26.334241870179778 3.8770408163265406 17.320508075688775 -4.899999999999983
1.5204081632653057 26.51098174850313 3.826530612244908 17.320508075688775 -4.999999999999982
1.5306122448979589 26.687721626826484 3.77500000000001 17.320508075688775 -5.099999999999982
1.5408163265306118 26.864461505149837 3.722448979591847 17.320508075688775 -5.1999999999999815
1.5510204081632648 27.04120138347319 3.668877551020419 17.320508075688775 -5.299999999999981
1.561224489795918 27.217941261796543 3.614285714285725 17.320508075688775 -5.399999999999981
1.571428571428571 27.394681140119896 3.5586734693877657 17.320508075688775 -5.4999999999999805
1.5816326530612241 27.57142101844325 3.5020408163265415 17.320508075688775 -5.59999999999998
1.591836734693877 27.748160896766603 3.444387755102052 17.320508075688775 -5.69999999999998
1.6020408163265303 27.924900775089956 3.385714285714297 17.320508075688775 -5.799999999999979
1.6122448979591832 28.10164065341331 3.3260204081632767 17.320508075688775 -5.899999999999979
1.6224489795918364 28.278380531736662 3.265306122448991 17.320508075688775 -5.999999999999979
1.6326530612244894 28.455120410060015 3.2035714285714403 17.320508075688775 -6.099999999999978
1.6428571428571423 28.63186028838337 3.140816326530624 17.320508075688775 -6.199999999999978
1.6530612244897955 28.80860016670672 3.0770408163265426 17.320508075688775 -6.299999999999978
1.6632653061224485 28.985340045030075 3.012244897959196 17.320508075688775 -6.399999999999977
1.6734693877551017 29.162079923353428 2.9464285714285836 17.320508075688775 -6.499999999999977
1.6836734693877546 29.33881980167678 2.8795918367347064 17.320508075688775 -6.5999999999999766
1.6938775510204078 29.515559680000134 2.811734693877564 17.320508075688775 -6.699999999999976
1.7040816326530608 29.692299558323487 2.7428571428571558 17.320508075688775 -6.799999999999976
1.714285714285714 29.86903943664684 2.6729591836734823 17.320508075688775 -6.8999999999999755
1.724489795918367 30.045779314970193 2.602040816326544 17.320508075688775 -6.999999999999975
1.73469387755102 30.222519193293547 2.53010204081634 17.320508075688775 -7.099999999999975
1.744897959183673 30.3992590716169 2.4571428571428706 17.320508075688775 -7.199999999999974
1.755102040816326 30.575998949940253 2.3831632653061363 17.320508075688775 -7.299999999999974
1.7653061224489792 30.752738828263606 2.3081632653061366 17.320508075688775 -7.399999999999974
1.7755102040816322 30.92947870658696 2.2321428571428714 17.320508075688775 -7.499999999999973
1.7857142857142854 31.106218584910312 2.155102040816341 17.320508075688775 -7.599999999999973
1.7959183673469383 31.282958463233665 2.0770408163265452 17.320508075688775 -7.699999999999973
1.8061224489795913 31.45969834155702 1.9979591836734842 17.320508075688775 -7.799999999999972
1.8163265306122445 31.63643821988037 1.917857142857158 17.320508075688775 -7.899999999999972
1.8265306122448974 31.813178098203725 1.8367346938775664 17.320508075688775 -7.999999999999972
1.8367346938775506 31.989917976527078 1.7545918367347095 17.320508075688775 -8.099999999999971
1.8469387755102036 32.166657854850435 1.6714285714285873 17.320508075688775 -8.19999999999997
1.8571428571428568 32.34339773317379 1.5872448979591998 17.320508075688775 -8.29999999999997
1.8673469387755097 32.52013761149714 1.5020408163265468 17.320508075688775 -8.39999999999997
1.8775510204081627 32.696877489820494 1.4158163265306287 17.320508075688775 -8.49999999999997
1.8877551020408159 32.87361736814385 1.3285714285714454 17.320508075688775 -8.59999999999997
1.8979591836734688 33.0503572464672 1.2403061224489966 17.320508075688775 -8.699999999999969
1.908163265306122 33.22709712479055 1.1510204081632827 17.320508075688775 -8.799999999999969
1.918367346938775 33.40383700311391 1.0607142857143033 17.320508075688775 -8.899999999999968
1.9285714285714282 33.58057688143726 0.9693877551020588 17.320508075688775 -8.999999999999968
1.9387755102040811 33.75731675976061 0.877040816326549 17.320508075688775 -9.099999999999968
1.9489795918367343 33.934056638083966 0.7836734693877738 17.320508075688775 -9.199999999999967
1.9591836734693873 34.11079651640732 0.6892857142857334 17.320508075688775 -9.299999999999967
1.9693877551020402 34.28753639473067 0.5938775510204276 17.320508075688775 -9.399999999999967
1.9795918367346934 34.464276273054026 0.4974489795918565 17.320508075688775 -9.499999999999966
1.9897959183673464 34.64101615137738 0.4000000000000202 17.320508075688775 -9.599999999999966
1.9999999999999996 34.81775602970073 0.3015306122449185 17.320508075688775 -9.699999999999966
2.0102040816326525 34.994495908024085 0.20204081632655152 17.320508075688775 -9.799999999999965
2.0204081632653055 35.17123578634744 0.10153061224491924 17.320508075688775 -9.899999999999965
2.030612244897959 35.34797566467079 2.166962356081603e-14 17.320508075688775 -9.999999999999964
2.040816326530612 35.524715542994144 -0.10255102040814122 17.320508075688775 -10.099999999999964
